  0.17116E+00  0.72275E+01  0.23537E+01  0.28233E-04  0.00000E+00  0.11986E-02  0.11592E-02  0.29677E-02  0.17503E-02  0.12636E-02  0.78082E-03  0.16146E-03  0.00000E+00
  0.17072E+00  0.72038E+01  0.23423E+01  0.28776E-04  0.00000E+00  0.12072E-02  0.11672E-02  0.29661E-02  0.17508E-02  0.12579E-02  0.77242E-03  0.16003E-03  0.00000E+00
  0.17029E+00  0.71802E+01  0.23310E+01  0.29326E-04  0.00000E+00  0.12158E-02  0.11752E-02  0.29646E-02  0.17513E-02  0.12521E-02  0.76401E-03  0.15860E-03  0.00000E+00
  0.16985E+00  0.71566E+01  0.23197E+01  0.29883E-04  0.00000E+00  0.12245E-02  0.11833E-02  0.29630E-02  0.17518E-02  0.12464E-02  0.75558E-03  0.15717E-03  0.00000E+00
  0.16941E+00  0.71330E+01  0.23084E+01  0.30448E-04  0.00000E+00  0.12332E-02  0.11914E-02  0.29614E-02  0.17523E-02  0.12406E-02  0.74713E-03  0.15574E-03  0.00000E+00
  0.16898E+00  0.71094E+01  0.22971E+01  0.31021E-04  0.00000E+00  0.12419E-02  0.11995E-02  0.29598E-02  0.17528E-02  0.12348E-02  0.73866E-03  0.15431E-03  0.00000E+00
  0.16854E+00  0.70859E+01  0.22859E+01  0.31601E-04  0.00000E+00  0.12507E-02  0.12076E-02  0.29582E-02  0.17533E-02  0.12289E-02  0.73018E-03  0.15288E-03  0.00000E+00
  0.16811E+00  0.70624E+01  0.22747E+01  0.32188E-04  0.00000E+00  0.12595E-02  0.12157E-02  0.29566E-02  0.17537E-02  0.12231E-02  0.72167E-03  0.15145E-03  0.00000E+00
  0.16767E+00  0.70389E+01  0.22635E+01  0.32784E-04  0.00000E+00  0.12684E-02  0.12238E-02  0.29550E-02  0.17542E-02  0.12172E-02  0.71315E-03  0.15002E-03  0.00000E+00
  0.16723E+00  0.70155E+01  0.22523E+01  0.33387E-04  0.00000E+00  0.12773E-02  0.12320E-02  0.29533E-02  0.17546E-02  0.12113E-02  0.70461E-03  0.14858E-03  0.00000E+00
  0.16680E+00  0.69921E+01  0.22412E+01  0.33998E-04  0.00000E+00  0.12862E-02  0.12402E-02  0.29516E-02  0.17551E-02  0.12054E-02  0.69605E-03  0.14715E-03  0.00000E+00
  0.16636E+00  0.69687E+01  0.22301E+01  0.34618E-04  0.00000E+00  0.12952E-02  0.12484E-02  0.29499E-02  0.17555E-02  0.11995E-02  0.68748E-03  0.14572E-03  0.00000E+00
  0.16593E+00  0.69453E+01  0.22191E+01  0.35245E-04  0.00000E+00  0.13042E-02  0.12566E-02  0.29482E-02  0.17560E-02  0.11936E-02  0.67888E-03  0.14429E-03  0.00000E+00
  0.16549E+00  0.69220E+01  0.22080E+01  0.35881E-04  0.00000E+00  0.13132E-02  0.12649E-02  0.29465E-02  0.17564E-02  0.11876E-02  0.67027E-03  0.14286E-03  0.00000E+00
  0.16506E+00  0.68987E+01  0.21970E+01  0.36524E-04  0.00000E+00  0.13223E-02  0.12732E-02  0.29448E-02  0.17568E-02  0.11816E-02  0.66163E-03  0.14143E-03  0.00000E+00
  0.16462E+00  0.68755E+01  0.21860E+01  0.37177E-04  0.00000E+00  0.13314E-02  0.12815E-02  0.29430E-02  0.17573E-02  0.11756E-02  0.65298E-03  0.14000E-03  0.00000E+00
  0.16419E+00  0.68523E+01  0.21751E+01  0.37837E-04  0.00000E+00  0.13406E-02  0.12898E-02  0.29412E-02  0.17577E-02  0.11695E-02  0.64432E-03  0.13857E-03  0.00000E+00
  0.16375E+00  0.68291E+01  0.21642E+01  0.38507E-04  0.00000E+00  0.13498E-02  0.12981E-02  0.29394E-02  0.17581E-02  0.11635E-02  0.63563E-03  0.13714E-03  0.00000E+00
  0.16332E+00  0.68059E+01  0.21533E+01  0.39185E-04  0.00000E+00  0.13591E-02  0.13065E-02  0.29376E-02  0.17585E-02  0.11574E-02  0.62693E-03  0.13571E-03  0.00000E+00
  0.16288E+00  0.67827E+01  0.21424E+01  0.39871E-04  0.00000E+00  0.13684E-02  0.13148E-02  0.29358E-02  0.17589E-02  0.11513E-02  0.61821E-03  0.13429E-03  0.00000E+00
  0.16245E+00  0.67596E+01  0.21316E+01  0.40567E-04  0.00000E+00  0.13778E-02  0.13232E-02  0.29339E-02  0.17593E-02  0.11452E-02  0.60947E-03  0.13286E-03  0.00000E+00
  0.16201E+00  0.67365E+01  0.21208E+01  0.41271E-04  0.00000E+00  0.13872E-02  0.13317E-02  0.29321E-02  0.17597E-02  0.11390E-02  0.60071E-03  0.13143E-03  0.00000E+00
  0.16158E+00  0.67135E+01  0.21100E+01  0.41985E-04  0.00000E+00  0.13966E-02  0.13401E-02  0.29302E-02  0.17600E-02  0.11329E-02  0.59194E-03  0.13001E-03  0.00000E+00
  0.16115E+00  0.66905E+01  0.20993E+01  0.42707E-04  0.00000E+00  0.14061E-02  0.13485E-02  0.29283E-02  0.17604E-02  0.11267E-02  0.58315E-03  0.12858E-03  0.00000E+00
  0.16071E+00  0.66675E+01  0.20886E+01  0.43439E-04  0.00000E+00  0.14156E-02  0.13570E-02  0.29263E-02  0.17608E-02  0.11205E-02  0.57435E-03  0.12716E-03  0.00000E+00
  0.16028E+00  0.66445E+01  0.20779E+01  0.44180E-04  0.00000E+00  0.14252E-02  0.13655E-02  0.29244E-02  0.17611E-02  0.11142E-02  0.56553E-03  0.12573E-03  0.00000E+00
  0.15984E+00  0.66216E+01  0.20672E+01  0.44930E-04  0.00000E+00  0.14348E-02  0.13740E-02  0.29224E-02  0.17615E-02  0.11080E-02  0.55669E-03  0.12431E-03  0.00000E+00
  0.15941E+00  0.65987E+01  0.20566E+01  0.45690E-04  0.00000E+00  0.14445E-02  0.13826E-02  0.29204E-02  0.17618E-02  0.11017E-02  0.54784E-03  0.12289E-03  0.00000E+00
  0.15897E+00  0.65758E+01  0.20460E+01  0.46460E-04  0.39019E-08  0.14542E-02  0.13911E-02  0.29184E-02  0.17622E-02  0.10954E-02  0.53898E-03  0.12147E-03  0.00000E+00
  0.15854E+00  0.65529E+01  0.20355E+01  0.47237E-04  0.55763E-07  0.14640E-02  0.13997E-02  0.29164E-02  0.17625E-02  0.10890E-02  0.53010E-03  0.12003E-03  0.00000E+00
  0.15811E+00  0.65301E+01  0.20249E+01  0.48022E-04  0.13791E-06  0.14739E-02  0.14083E-02  0.29143E-02  0.17628E-02  0.10826E-02  0.52121E-03  0.11858E-03  0.00000E+00
  0.15767E+00  0.65073E+01  0.20144E+01  0.48815E-04  0.24202E-06  0.14838E-02  0.14170E-02  0.29122E-02  0.17631E-02  0.10763E-02  0.51230E-03  0.11713E-03  0.00000E+00
  0.15724E+00  0.64845E+01  0.20039E+01  0.49618E-04  0.36446E-06  0.14937E-02  0.14256E-02  0.29101E-02  0.17634E-02  0.10698E-02  0.50338E-03  0.11567E-03  0.00000E+00
  0.15680E+00  0.64618E+01  0.19934E+01  0.50431E-04  0.50376E-06  0.15037E-02  0.14343E-02  0.29080E-02  0.17636E-02  0.10634E-02  0.49445E-03  0.11421E-03  0.00000E+00
  0.15637E+00  0.64391E+01  0.19830E+01  0.51253E-04  0.65870E-06  0.15138E-02  0.14430E-02  0.29059E-02  0.17639E-02  0.10569E-02  0.48551E-03  0.11275E-03  0.00000E+00
  0.15594E+00  0.64164E+01  0.19726E+01  0.52084E-04  0.82794E-06  0.15239E-02  0.14518E-02  0.29037E-02  0.17641E-02  0.10504E-02  0.47656E-03  0.11128E-03  0.00000E+00
  0.15550E+00  0.63937E+01  0.19622E+01  0.52925E-04  0.10108E-05  0.15341E-02  0.14605E-02  0.29015E-02  0.17644E-02  0.10439E-02  0.46759E-03  0.10982E-03  0.00000E+00
  0.15507E+00  0.63711E+01  0.19518E+01  0.53775E-04  0.12066E-05  0.15443E-02  0.14693E-02  0.28992E-02  0.17646E-02  0.10373E-02  0.45862E-03  0.10835E-03  0.00000E+00
  0.15463E+00  0.63485E+01  0.19415E+01  0.54635E-04  0.14151E-05  0.15546E-02  0.14781E-02  0.28970E-02  0.17648E-02  0.10307E-02  0.44964E-03  0.10688E-03  0.00000E+00
  0.15420E+00  0.63259E+01  0.19312E+01  0.55506E-04  0.16358E-05  0.15650E-02  0.14869E-02  0.28947E-02  0.17650E-02  0.10241E-02  0.44064E-03  0.10540E-03  0.00000E+00
  0.15377E+00  0.63034E+01  0.19210E+01  0.56386E-04  0.18685E-05  0.15754E-02  0.14957E-02  0.28924E-02  0.17652E-02  0.10175E-02  0.43164E-03  0.10393E-03  0.00000E+00
  0.15333E+00  0.62808E+01  0.19107E+01  0.57277E-04  0.21129E-05  0.15859E-02  0.15046E-02  0.28900E-02  0.17654E-02  0.10108E-02  0.42264E-03  0.10246E-03  0.00000E+00
  0.15290E+00  0.62583E+01  0.19005E+01  0.58178E-04  0.23688E-05  0.15964E-02  0.15135E-02  0.28877E-02  0.17655E-02  0.10041E-02  0.41362E-03  0.10099E-03  0.00000E+00
  0.15246E+00  0.62359E+01  0.18903E+01  0.59089E-04  0.26361E-05  0.16070E-02  0.15223E-02  0.28853E-02  0.17657E-02  0.99735E-03  0.40460E-03  0.99515E-04  0.00000E+00
  0.15203E+00  0.62135E+01  0.18802E+01  0.60011E-04  0.29146E-05  0.16176E-02  0.15312E-02  0.28829E-02  0.17658E-02  0.99060E-03  0.39558E-03  0.98044E-04  0.00000E+00
  0.15160E+00  0.61911E+01  0.18701E+01  0.60944E-04  0.32041E-05  0.16283E-02  0.15401E-02  0.28804E-02  0.17660E-02  0.98381E-03  0.38655E-03  0.96573E-04  0.00000E+00
  0.15116E+00  0.61687E+01  0.18600E+01  0.61887E-04  0.35054E-05  0.16390E-02  0.15491E-02  0.28779E-02  0.17661E-02  0.97700E-03  0.37752E-03  0.95104E-04  0.00000E+00
  0.15073E+00  0.61463E+01  0.18499E+01  0.62841E-04  0.38174E-05  0.16499E-02  0.15580E-02  0.28754E-02  0.17662E-02  0.97015E-03  0.36848E-03  0.93637E-04  0.00000E+00
  0.15030E+00  0.61240E+01  0.18399E+01  0.63807E-04  0.41400E-05  0.16607E-02  0.15670E-02  0.28729E-02  0.17663E-02  0.96328E-03  0.35945E-03  0.92172E-04  0.00000E+00
  0.14986E+00  0.61017E+01  0.18299E+01  0.64784E-04  0.44734E-05  0.16717E-02  0.15759E-02  0.28703E-02  0.17664E-02  0.95638E-03  0.35041E-03  0.90709E-04  0.00000E+00
  0.14943E+00  0.60795E+01  0.18199E+01  0.65771E-04  0.48181E-05  0.16827E-02  0.15849E-02  0.28677E-02  0.17664E-02  0.94944E-03  0.34138E-03  0.89249E-04  0.00000E+00
  0.14900E+00  0.60573E+01  0.18100E+01  0.66771E-04  0.51736E-05  0.16937E-02  0.15939E-02  0.28650E-02  0.17665E-02  0.94248E-03  0.33235E-03  0.87792E-04  0.00000E+00
  0.14857E+00  0.60351E+01  0.18000E+01  0.67782E-04  0.55396E-05  0.17049E-02  0.16029E-02  0.28623E-02  0.17665E-02  0.93549E-03  0.32333E-03  0.86339E-04  0.00000E+00
  0.14813E+00  0.60129E+01  0.17902E+01  0.68804E-04  0.59169E-05  0.17160E-02  0.16119E-02  0.28596E-02  0.17666E-02  0.92847E-03  0.31431E-03  0.84890E-04  0.00000E+00
  0.14770E+00  0.59908E+01  0.17803E+01  0.69838E-04  0.63049E-05  0.17273E-02  0.16209E-02  0.28569E-02  0.17666E-02  0.92142E-03  0.30530E-03  0.83445E-04  0.00000E+00
  0.14727E+00  0.59687E+01  0.17705E+01  0.70885E-04  0.67033E-05  0.17386E-02  0.16299E-02  0.28541E-02  0.17666E-02  0.91433E-03  0.29629E-03  0.82007E-04  0.00000E+00
  0.14684E+00  0.59466E+01  0.17607E+01  0.71943E-04  0.71138E-05  0.17500E-02  0.16389E-02  0.28513E-02  0.17665E-02  0.90722E-03  0.28730E-03  0.80574E-04  0.00000E+00
  0.14641E+00  0.59246E+01  0.17510E+01  0.73014E-04  0.75341E-05  0.17614E-02  0.16479E-02  0.28484E-02  0.17665E-02  0.90008E-03  0.27832E-03  0.79148E-04  0.00000E+00
  0.14597E+00  0.59026E+01  0.17412E+01  0.74097E-04  0.79667E-05  0.17729E-02  0.16569E-02  0.28455E-02  0.17665E-02  0.89290E-03  0.26935E-03  0.77730E-04  0.00000E+00
  0.14554E+00  0.58806E+01  0.17315E+01  0.75193E-04  0.84092E-05  0.17845E-02  0.16659E-02  0.28426E-02  0.17664E-02  0.88570E-03  0.26040E-03  0.76320E-04  0.00000E+00
  0.14511E+00  0.58587E+01  0.17219E+01  0.76303E-04  0.88643E-05  0.17961E-02  0.16749E-02  0.28396E-02  0.17663E-02  0.87847E-03  0.25146E-03  0.74922E-04  0.00000E+00
  0.14468E+00  0.58368E+01  0.17123E+01  0.77425E-04  0.93305E-05  0.18078E-02  0.16839E-02  0.28366E-02  0.17661E-02  0.87121E-03  0.24254E-03  0.73536E-04  0.00000E+00
  0.14425E+00  0.58149E+01  0.17027E+01  0.78563E-04  0.98079E-05  0.18196E-02  0.16929E-02  0.28336E-02  0.17660E-02  0.86392E-03  0.23364E-03  0.72169E-04  0.00000E+00
  0.14382E+00  0.57931E+01  0.16931E+01  0.79716E-04  0.10299E-04  0.18315E-02  0.17018E-02  0.28305E-02  0.17657E-02  0.85662E-03  0.22475E-03  0.70835E-04  0.00000E+00
  0.14339E+00  0.57712E+01  0.16836E+01  0.80882E-04  0.10801E-04  0.18434E-02  0.17108E-02  0.28274E-02  0.17655E-02  0.84928E-03  0.21588E-03  0.69509E-04  0.00000E+00
  0.14296E+00  0.57495E+01  0.16741E+01  0.82060E-04  0.11314E-04  0.18554E-02  0.17197E-02  0.28242E-02  0.17652E-02  0.84190E-03  0.20706E-03  0.68180E-04  0.00000E+00
  0.14253E+00  0.57277E+01  0.16647E+01  0.83251E-04  0.11838E-04  0.18674E-02  0.17287E-02  0.28210E-02  0.17650E-02  0.83448E-03  0.19829E-03  0.66848E-04  0.00000E+00
  0.14210E+00  0.57060E+01  0.16553E+01  0.84454E-04  0.12373E-04  0.18795E-02  0.17376E-02  0.28177E-02  0.17648E-02  0.82702E-03  0.18957E-03  0.65513E-04  0.00000E+00
  0.14167E+00  0.56844E+01  0.16459E+01  0.85670E-04  0.12919E-04  0.18917E-02  0.17465E-02  0.28144E-02  0.17646E-02  0.81953E-03  0.18090E-03  0.64177E-04  0.00000E+00
  0.14124E+00  0.56628E+01  0.16365E+01  0.86897E-04  0.13476E-04  0.19039E-02  0.17554E-02  0.28110E-02  0.17644E-02  0.81199E-03  0.17229E-03  0.62839E-04  0.00000E+00
  0.14082E+00  0.56413E+01  0.16271E+01  0.88137E-04  0.14044E-04  0.19161E-02  0.17642E-02  0.28075E-02  0.17643E-02  0.80440E-03  0.16374E-03  0.61500E-04  0.00000E+00
  0.14039E+00  0.56198E+01  0.16178E+01  0.89389E-04  0.14623E-04  0.19284E-02  0.17730E-02  0.28039E-02  0.17641E-02  0.79678E-03  0.15526E-03  0.60159E-04  0.00000E+00
  0.13996E+00  0.55984E+01  0.16085E+01  0.90654E-04  0.15212E-04  0.19408E-02  0.17818E-02  0.28003E-02  0.17640E-02  0.78912E-03  0.14685E-03  0.58819E-04  0.00000E+00
  0.13954E+00  0.55771E+01  0.15993E+01  0.91932E-04  0.15813E-04  0.19532E-02  0.17906E-02  0.27966E-02  0.17639E-02  0.78141E-03  0.13852E-03  0.57478E-04  0.00000E+00
  0.13911E+00  0.55558E+01  0.15900E+01  0.93223E-04  0.16425E-04  0.19657E-02  0.17993E-02  0.27928E-02  0.17638E-02  0.77365E-03  0.13027E-03  0.56139E-04  0.00000E+00
  0.13869E+00  0.55345E+01  0.15808E+01  0.94526E-04  0.17048E-04  0.19782E-02  0.18080E-02  0.27890E-02  0.17638E-02  0.76586E-03  0.12212E-03  0.54799E-04  0.00000E+00
  0.13826E+00  0.55133E+01  0.15717E+01  0.95842E-04  0.17683E-04  0.19907E-02  0.18167E-02  0.27851E-02  0.17637E-02  0.75802E-03  0.11406E-03  0.53462E-04  0.00000E+00
  0.13784E+00  0.54922E+01  0.15625E+01  0.97171E-04  0.18328E-04  0.20033E-02  0.18253E-02  0.27810E-02  0.17637E-02  0.75013E-03  0.10610E-03  0.52126E-04  0.00000E+00
  0.13742E+00  0.54712E+01  0.15534E+01  0.98513E-04  0.18985E-04  0.20160E-02  0.18338E-02  0.27769E-02  0.17638E-02  0.74220E-03  0.98265E-04  0.50793E-04  0.00000E+00
  0.13700E+00  0.54502E+01  0.15443E+01  0.99867E-04  0.19653E-04  0.20286E-02  0.18423E-02  0.27727E-02  0.17639E-02  0.73422E-03  0.90547E-04  0.49463E-04  0.00000E+00
  0.13658E+00  0.54293E+01  0.15353E+01  0.10123E-03  0.20333E-04  0.20414E-02  0.18507E-02  0.27684E-02  0.17640E-02  0.72619E-03  0.82963E-04  0.48137E-04  0.00000E+00
  0.13616E+00  0.54084E+01  0.15262E+01  0.10262E-03  0.21023E-04  0.20541E-02  0.18590E-02  0.27640E-02  0.17641E-02  0.71811E-03  0.75521E-04  0.46816E-04  0.00000E+00
  0.13574E+00  0.53877E+01  0.15172E+01  0.10401E-03  0.21725E-04  0.20669E-02  0.18673E-02  0.27595E-02  0.17643E-02  0.70998E-03  0.68235E-04  0.45501E-04  0.00000E+00
  0.13532E+00  0.53670E+01  0.15083E+01  0.10542E-03  0.22439E-04  0.20797E-02  0.18755E-02  0.27549E-02  0.17645E-02  0.70181E-03  0.61119E-04  0.44192E-04  0.00000E+00
  0.13491E+00  0.53464E+01  0.14993E+01  0.10684E-03  0.23164E-04  0.20926E-02  0.18835E-02  0.27502E-02  0.17648E-02  0.69358E-03  0.54189E-04  0.42890E-04  0.00000E+00
  0.13449E+00  0.53259E+01  0.14904E+01  0.10827E-03  0.23900E-04  0.21055E-02  0.18915E-02  0.27453E-02  0.17652E-02  0.68529E-03  0.47461E-04  0.41597E-04  0.00000E+00
  0.13408E+00  0.53056E+01  0.14816E+01  0.10971E-03  0.24647E-04  0.21183E-02  0.18993E-02  0.27403E-02  0.17656E-02  0.67696E-03  0.40966E-04  0.40312E-04  0.00000E+00
  0.13367E+00  0.52853E+01  0.14727E+01  0.11117E-03  0.25404E-04  0.21313E-02  0.19069E-02  0.27352E-02  0.17660E-02  0.66858E-03  0.34722E-04  0.39037E-04  0.00000E+00
  0.13326E+00  0.52651E+01  0.14639E+01  0.11264E-03  0.26173E-04  0.21442E-02  0.19144E-02  0.27300E-02  0.17666E-02  0.66014E-03  0.28754E-04  0.37774E-04  0.00000E+00
  0.13286E+00  0.52450E+01  0.14551E+01  0.11412E-03  0.26954E-04  0.21571E-02  0.19217E-02  0.27245E-02  0.17672E-02  0.65163E-03  0.23096E-04  0.36526E-04  0.00000E+00
  0.13245E+00  0.52251E+01  0.14464E+01  0.11561E-03  0.27746E-04  0.21700E-02  0.19288E-02  0.27189E-02  0.17679E-02  0.64306E-03  0.17789E-04  0.35296E-04  0.00000E+00
  0.13205E+00  0.52054E+01  0.14377E+01  0.11712E-03  0.28551E-04  0.21828E-02  0.19356E-02  0.27131E-02  0.17688E-02  0.63441E-03  0.12888E-04  0.34086E-04  0.00000E+00
  0.13165E+00  0.51858E+01  0.14290E+01  0.11864E-03  0.29366E-04  0.21957E-02  0.19422E-02  0.27071E-02  0.17697E-02  0.62568E-03  0.84689E-05  0.32902E-04  0.00000E+00
  0.13126E+00  0.51664E+01  0.14204E+01  0.12017E-03  0.30194E-04  0.22084E-02  0.19484E-02  0.27008E-02  0.17709E-02  0.61686E-03  0.46460E-05  0.31751E-04  0.00000E+00
  0.13087E+00  0.51473E+01  0.14118E+01  0.12171E-03  0.31034E-04  0.22210E-02  0.19541E-02  0.26941E-02  0.17724E-02  0.60792E-03  0.16185E-05  0.30643E-04  0.00000E+00
  0.13049E+00  0.51286E+01  0.14033E+01  0.12327E-03  0.31888E-04  0.22332E-02  0.19590E-02  0.26869E-02  0.17742E-02  0.59878E-03  0.00000E+00  0.29613E-04  0.00000E+00
  0.13012E+00  0.51105E+01  0.13948E+01  0.12483E-03  0.32753E-04  0.22451E-02  0.19629E-02  0.26790E-02  0.17766E-02  0.58944E-03  0.00000E+00  0.28670E-04  0.00000E+00
  0.12975E+00  0.50924E+01  0.13863E+01  0.12641E-03  0.33630E-04  0.22571E-02  0.19668E-02  0.26711E-02  0.17790E-02  0.58009E-03  0.00000E+00  0.27721E-04  0.00000E+00
  0.12938E+00  0.50743E+01  0.13779E+01  0.12800E-03  0.34519E-04  0.22691E-02  0.19707E-02  0.26631E-02  0.17814E-02  0.57074E-03  0.00000E+00  0.26764E-04  0.00000E+00
  0.12901E+00  0.50563E+01  0.13695E+01  0.12960E-03  0.35420E-04  0.22812E-02  0.19745E-02  0.26551E-02  0.17837E-02  0.56137E-03  0.00000E+00  0.25800E-04  0.00000E+00
  0.12864E+00  0.50382E+01  0.13611E+01  0.13122E-03  0.36332E-04  0.22934E-02  0.19784E-02  0.26470E-02  0.17860E-02  0.55200E-03  0.00000E+00  0.24830E-04  0.00000E+00
  0.12827E+00  0.50202E+01  0.13527E+01  0.13286E-03  0.37256E-04  0.23057E-02  0.19823E-02  0.26389E-02  0.17883E-02  0.54263E-03  0.00000E+00  0.23852E-04  0.00000E+00
  0.12790E+00  0.50021E+01  0.13444E+01  0.13450E-03  0.38190E-04  0.23181E-02  0.19862E-02  0.26308E-02  0.17906E-02  0.53326E-03  0.00000E+00  0.22869E-04  0.00000E+00
  0.12753E+00  0.49841E+01  0.13360E+01  0.13616E-03  0.39138E-04  0.23305E-02  0.19900E-02  0.26226E-02  0.17929E-02  0.52387E-03  0.00000E+00  0.21882E-04  0.00000E+00
  0.12716E+00  0.49661E+01  0.13277E+01  0.13784E-03  0.40097E-04  0.23430E-02  0.19939E-02  0.26143E-02  0.17951E-02  0.51448E-03  0.00000E+00  0.20892E-04  0.00000E+00
  0.12678E+00  0.49481E+01  0.13195E+01  0.13953E-03  0.41069E-04  0.23556E-02  0.19978E-02  0.26060E-02  0.17973E-02  0.50509E-03  0.00000E+00  0.19900E-04  0.00000E+00
  0.12641E+00  0.49302E+01  0.13112E+01  0.14123E-03  0.42052E-04  0.23683E-02  0.20017E-02  0.25977E-02  0.17995E-02  0.49568E-03  0.00000E+00  0.18906E-04  0.00000E+00
  0.12604E+00  0.49122E+01  0.13030E+01  0.14295E-03  0.43047E-04  0.23811E-02  0.20056E-02  0.25893E-02  0.18017E-02  0.48628E-03  0.00000E+00  0.17911E-04  0.00000E+00
  0.12567E+00  0.48943E+01  0.12948E+01  0.14468E-03  0.44055E-04  0.23939E-02  0.20095E-02  0.25808E-02  0.18038E-02  0.47687E-03  0.00000E+00  0.16916E-04  0.00000E+00
  0.12530E+00  0.48763E+01  0.12866E+01  0.14643E-03  0.45074E-04  0.24068E-02  0.20134E-02  0.25723E-02  0.18059E-02  0.46745E-03  0.00000E+00  0.15922E-04  0.00000E+00
  0.12493E+00  0.48584E+01  0.12785E+01  0.14819E-03  0.46106E-04  0.24198E-02  0.20173E-02  0.25637E-02  0.18080E-02  0.45804E-03  0.00000E+00  0.14930E-04  0.00000E+00
  0.12456E+00  0.48405E+01  0.12703E+01  0.14997E-03  0.47149E-04  0.24329E-02  0.20212E-02  0.25551E-02  0.18101E-02  0.44862E-03  0.00000E+00  0.13941E-04  0.00000E+00
  0.12418E+00  0.48226E+01  0.12622E+01  0.15176E-03  0.48205E-04  0.24460E-02  0.20251E-02  0.25464E-02  0.18121E-02  0.43920E-03  0.00000E+00  0.12957E-04  0.00000E+00
  0.12381E+00  0.48048E+01  0.12542E+01  0.15357E-03  0.49272E-04  0.24593E-02  0.20290E-02  0.25376E-02  0.18141E-02  0.42979E-03  0.00000E+00  0.11979E-04  0.00000E+00
  0.12344E+00  0.47869E+01  0.12461E+01  0.15539E-03  0.50351E-04  0.24726E-02  0.20329E-02  0.25288E-02  0.18161E-02  0.42037E-03  0.00000E+00  0.11009E-04  0.00000E+00
  0.12307E+00  0.47690E+01  0.12381E+01  0.15722E-03  0.51443E-04  0.24860E-02  0.20368E-02  0.25199E-02  0.18181E-02  0.41096E-03  0.00000E+00  0.10047E-04  0.00000E+00
  0.12269E+00  0.47512E+01  0.12301E+01  0.15907E-03  0.52545E-04  0.24995E-02  0.20407E-02  0.25109E-02  0.18200E-02  0.40155E-03  0.00000E+00  0.90979E-05  0.00000E+00
  0.12232E+00  0.47334E+01  0.12221E+01  0.16093E-03  0.53659E-04  0.25131E-02  0.20446E-02  0.25019E-02  0.18218E-02  0.39215E-03  0.00000E+00  0.81624E-05  0.00000E+00
  0.12195E+00  0.47156E+01  0.12142E+01  0.16281E-03  0.54784E-04  0.25267E-02  0.20485E-02  0.24929E-02  0.18237E-02  0.38275E-03  0.00000E+00  0.72434E-05  0.00000E+00
  0.12158E+00  0.46977E+01  0.12063E+01  0.16470E-03  0.55920E-04  0.25404E-02  0.20524E-02  0.24837E-02  0.18255E-02  0.37336E-03  0.00000E+00  0.63437E-05  0.00000E+00
  0.12120E+00  0.46799E+01  0.11984E+01  0.16660E-03  0.57068E-04  0.25543E-02  0.20563E-02  0.24745E-02  0.18272E-02  0.36398E-03  0.00000E+00  0.54669E-05  0.00000E+00
  0.12083E+00  0.46622E+01  0.11906E+01  0.16852E-03  0.58227E-04  0.25682E-02  0.20603E-02  0.24652E-02  0.18289E-02  0.35461E-03  0.00000E+00  0.46167E-05  0.00000E+00
  0.12046E+00  0.46444E+01  0.11828E+01  0.17045E-03  0.59395E-04  0.25822E-02  0.20642E-02  0.24558E-02  0.18305E-02  0.34525E-03  0.00000E+00  0.37989E-05  0.00000E+00
  0.12008E+00  0.46266E+01  0.11750E+01  0.17239E-03  0.60573E-04  0.25962E-02  0.20681E-02  0.24464E-02  0.18321E-02  0.33590E-03  0.00000E+00  0.30199E-05  0.00000E+00
  0.11971E+00  0.46088E+01  0.11673E+01  0.17434E-03  0.61762E-04  0.26104E-02  0.20720E-02  0.24369E-02  0.18336E-02  0.32656E-03  0.00000E+00  0.22857E-05  0.00000E+00
  0.11934E+00  0.45911E+01  0.11596E+01  0.17630E-03  0.62958E-04  0.26246E-02  0.20759E-02  0.24273E-02  0.18351E-02  0.31724E-03  0.00000E+00  0.16081E-05  0.00000E+00
  0.11896E+00  0.45733E+01  0.11520E+01  0.17827E-03  0.64162E-04  0.26389E-02  0.20799E-02  0.24176E-02  0.18364E-02  0.30793E-03  0.00000E+00  0.10009E-05  0.00000E+00
  0.11859E+00  0.45555E+01  0.11444E+01  0.18025E-03  0.65373E-04  0.26534E-02  0.20838E-02  0.24078E-02  0.18377E-02  0.29864E-03  0.00000E+00  0.48501E-06  0.00000E+00
  0.11822E+00  0.45377E+01  0.11369E+01  0.18223E-03  0.66586E-04  0.26678E-02  0.20877E-02  0.23979E-02  0.18388E-02  0.28936E-03  0.00000E+00  0.10399E-06  0.00000E+00
  0.11785E+00  0.45199E+01  0.11295E+01  0.18419E-03  0.67794E-04  0.26824E-02  0.20917E-02  0.23879E-02  0.18397E-02  0.28008E-03  0.00000E+00  0.00000E+00  0.00000E+00
  0.11747E+00  0.45020E+01  0.11222E+01  0.18617E-03  0.69005E-04  0.26970E-02  0.20957E-02  0.23777E-02  0.18405E-02  0.27083E-03  0.00000E+00  0.00000E+00  0.00000E+00
  0.11710E+00  0.44842E+01  0.11149E+01  0.18816E-03  0.70229E-04  0.27117E-02  0.20996E-02  0.23675E-02  0.18412E-02  0.26161E-03  0.00000E+00  0.00000E+00  0.00000E+00
  0.11673E+00  0.44664E+01  0.11076E+01  0.19016E-03  0.71465E-04  0.27265E-02  0.21036E-02  0.23573E-02  0.18419E-02  0.25242E-03  0.00000E+00  0.00000E+00  0.00000E+00
  0.11635E+00  0.44486E+01  0.11003E+01  0.19218E-03  0.72712E-04  0.27414E-02  0.21075E-02  0.23469E-02  0.18426E-02  0.24328E-03  0.00000E+00  0.00000E+00  0.00000E+00
  0.11598E+00  0.44308E+01  0.10931E+01  0.19421E-03  0.73971E-04  0.27564E-02  0.21114E-02  0.23365E-02  0.18432E-02  0.23419E-03  0.00000E+00  0.00000E+00  0.00000E+00
  0.11561E+00  0.44131E+01  0.10859E+01  0.19626E-03  0.75243E-04  0.27715E-02  0.21153E-02  0.23260E-02  0.18438E-02  0.22514E-03  0.00000E+00  0.00000E+00  0.00000E+00
  0.11524E+00  0.43954E+01  0.10787E+01  0.19833E-03  0.76525E-04  0.27866E-02  0.21192E-02  0.23154E-02  0.18444E-02  0.21615E-03  0.00000E+00  0.00000E+00  0.00000E+00
  0.11486E+00  0.43777E+01  0.10715E+01  0.20041E-03  0.77820E-04  0.28019E-02  0.21231E-02  0.23047E-02  0.18449E-02  0.20721E-03  0.00000E+00  0.00000E+00  0.00000E+00
  0.11449E+00  0.43600E+01  0.10644E+01  0.20250E-03  0.79126E-04  0.28172E-02  0.21269E-02  0.22939E-02  0.18453E-02  0.19833E-03  0.00000E+00  0.00000E+00  0.00000E+00
  0.11412E+00  0.43423E+01  0.10573E+01  0.20461E-03  0.80444E-04  0.28326E-02  0.21308E-02  0.22831E-02  0.18457E-02  0.18952E-03  0.00000E+00  0.00000E+00  0.00000E+00
  0.11374E+00  0.43247E+01  0.10502E+01  0.20673E-03  0.81774E-04  0.28481E-02  0.21346E-02  0.22722E-02  0.18461E-02  0.18077E-03  0.00000E+00  0.00000E+00  0.00000E+00
  0.11337E+00  0.43071E+01  0.10431E+01  0.20887E-03  0.83116E-04  0.28637E-02  0.21384E-02  0.22612E-02  0.18464E-02  0.17209E-03  0.00000E+00  0.00000E+00  0.00000E+00
  0.11300E+00  0.42895E+01  0.10360E+01  0.21103E-03  0.84469E-04  0.28793E-02  0.21422E-02  0.22501E-02  0.18467E-02  0.16349E-03  0.00000E+00  0.00000E+00  0.00000E+00
  0.11263E+00  0.42720E+01  0.10290E+01  0.21320E-03  0.85834E-04  0.28951E-02  0.21459E-02  0.22389E-02  0.18469E-02  0.15497E-03  0.00000E+00  0.00000E+00  0.00000E+00
  0.11225E+00  0.42545E+01  0.10220E+01  0.21538E-03  0.87210E-04  0.29109E-02  0.21496E-02  0.22276E-02  0.18470E-02  0.14654E-03  0.00000E+00  0.00000E+00  0.00000E+00
  0.11188E+00  0.42370E+01  0.10150E+01  0.21758E-03  0.88598E-04  0.29268E-02  0.21533E-02  0.22163E-02  0.18471E-02  0.13820E-03  0.00000E+00  0.00000E+00  0.00000E+00
  0.11151E+00  0.42195E+01  0.10080E+01  0.21979E-03  0.89997E-04  0.29428E-02  0.21570E-02  0.22048E-02  0.18472E-02  0.12996E-03  0.00000E+00  0.00000E+00  0.00000E+00
  0.11114E+00  0.42021E+01  0.10011E+01  0.22202E-03  0.91408E-04  0.29589E-02  0.21606E-02  0.21932E-02  0.18472E-02  0.12182E-03  0.00000E+00  0.00000E+00  0.00000E+00
  0.11077E+00  0.41847E+01  0.99418E+00  0.22426E-03  0.92829E-04  0.29751E-02  0.21642E-02  0.21816E-02  0.18471E-02  0.11380E-03  0.00000E+00  0.00000E+00  0.00000E+00
  0.11039E+00  0.41673E+01  0.98729E+00  0.22652E-03  0.94262E-04  0.29913E-02  0.21677E-02  0.21698E-02  0.18470E-02  0.10590E-03  0.00000E+00  0.00000E+00  0.00000E+00
  0.11002E+00  0.41500E+01  0.98042E+00  0.22879E-03  0.95706E-04  0.30076E-02  0.21712E-02  0.21580E-02  0.18468E-02  0.98130E-04  0.00000E+00  0.00000E+00  0.00000E+00
  0.10965E+00  0.41327E+01  0.97358E+00  0.23108E-03  0.97160E-04  0.30240E-02  0.21747E-02  0.21460E-02  0.18465E-02  0.90496E-04  0.00000E+00  0.00000E+00  0.00000E+00
  0.10928E+00  0.41155E+01  0.96676E+00  0.23337E-03  0.98626E-04  0.30405E-02  0.21781E-02  0.21339E-02  0.18461E-02  0.83010E-04  0.00000E+00  0.00000E+00  0.00000E+00
  0.10891E+00  0.40982E+01  0.95996E+00  0.23569E-03  0.10010E-03  0.30570E-02  0.21815E-02  0.21218E-02  0.18457E-02  0.75681E-04  0.00000E+00  0.00000E+00  0.00000E+00
  0.10854E+00  0.40811E+01  0.95318E+00  0.23801E-03  0.10159E-03  0.30736E-02  0.21849E-02  0.21095E-02  0.18453E-02  0.68522E-04  0.00000E+00  0.00000E+00  0.00000E+00
  0.10817E+00  0.40639E+01  0.94643E+00  0.24035E-03  0.10308E-03  0.30903E-02  0.21881E-02  0.20971E-02  0.18447E-02  0.61547E-04  0.00000E+00  0.00000E+00  0.00000E+00
  0.10780E+00  0.40468E+01  0.93970E+00  0.24270E-03  0.10459E-03  0.31070E-02  0.21913E-02  0.20845E-02  0.18441E-02  0.54768E-04  0.00000E+00  0.00000E+00  0.00000E+00
  0.10743E+00  0.40298E+01  0.93299E+00  0.24506E-03  0.10610E-03  0.31238E-02  0.21945E-02  0.20719E-02  0.18433E-02  0.48202E-04  0.00000E+00  0.00000E+00  0.00000E+00
  0.10706E+00  0.40128E+01  0.92631E+00  0.24744E-03  0.10763E-03  0.31406E-02  0.21976E-02  0.20591E-02  0.18425E-02  0.41868E-04  0.00000E+00  0.00000E+00  0.00000E+00
  0.10670E+00  0.39958E+01  0.91965E+00  0.24982E-03  0.10916E-03  0.31575E-02  0.22006E-02  0.20462E-02  0.18416E-02  0.35787E-04  0.00000E+00  0.00000E+00  0.00000E+00
  0.10633E+00  0.39790E+01  0.91301E+00  0.25221E-03  0.11070E-03  0.31745E-02  0.22035E-02  0.20332E-02  0.18406E-02  0.29981E-04  0.00000E+00  0.00000E+00  0.00000E+00
  0.10596E+00  0.39621E+01  0.90639E+00  0.25462E-03  0.11225E-03  0.31914E-02  0.22064E-02  0.20200E-02  0.18395E-02  0.24481E-04  0.00000E+00  0.00000E+00  0.00000E+00
  0.10560E+00  0.39454E+01  0.89980E+00  0.25703E-03  0.11380E-03  0.32084E-02  0.22091E-02  0.20066E-02  0.18383E-02  0.19320E-04  0.00000E+00  0.00000E+00  0.00000E+00
  0.10524E+00  0.39287E+01  0.89323E+00  0.25945E-03  0.11536E-03  0.32254E-02  0.22117E-02  0.19931E-02  0.18369E-02  0.14540E-04  0.00000E+00  0.00000E+00  0.00000E+00
  0.10487E+00  0.39121E+01  0.88668E+00  0.26187E-03  0.11692E-03  0.32424E-02  0.22142E-02  0.19795E-02  0.18354E-02  0.10197E-04  0.00000E+00  0.00000E+00  0.00000E+00
  0.10451E+00  0.38956E+01  0.88016E+00  0.26429E-03  0.11849E-03  0.32594E-02  0.22166E-02  0.19656E-02  0.18338E-02  0.63663E-05  0.00000E+00  0.00000E+00  0.00000E+00
  0.10415E+00  0.38791E+01  0.87365E+00  0.26672E-03  0.12006E-03  0.32762E-02  0.22188E-02  0.19515E-02  0.18320E-02  0.31619E-05  0.00000E+00  0.00000E+00  0.00000E+00
  0.10380E+00  0.38629E+01  0.86717E+00  0.26913E-03  0.12162E-03  0.32930E-02  0.22207E-02  0.19372E-02  0.18300E-02  0.79619E-06  0.00000E+00  0.00000E+00  0.00000E+00
  0.10344E+00  0.38469E+01  0.86072E+00  0.27151E-03  0.12315E-03  0.33094E-02  0.22223E-02  0.19224E-02  0.18276E-02  0.00000E+00  0.00000E+00  0.00000E+00  0.00000E+00
  0.10310E+00  0.38310E+01  0.85428E+00  0.27388E-03  0.12469E-03  0.33257E-02  0.22236E-02  0.19074E-02  0.18250E-02  0.00000E+00  0.00000E+00  0.00000E+00  0.00000E+00
  0.10275E+00  0.38152E+01  0.84787E+00  0.27626E-03  0.12623E-03  0.33421E-02  0.22249E-02  0.18923E-02  0.18224E-02  0.00000E+00  0.00000E+00  0.00000E+00  0.00000E+00
  0.10240E+00  0.37993E+01  0.84147E+00  0.27867E-03  0.12779E-03  0.33586E-02  0.22262E-02  0.18772E-02  0.18197E-02  0.00000E+00  0.00000E+00  0.00000E+00  0.00000E+00
  0.10205E+00  0.37835E+01  0.83510E+00  0.28110E-03  0.12936E-03  0.33753E-02  0.22275E-02  0.18620E-02  0.18170E-02  0.00000E+00  0.00000E+00  0.00000E+00  0.00000E+00
  0.10170E+00  0.37677E+01  0.82875E+00  0.28354E-03  0.13095E-03  0.33921E-02  0.22287E-02  0.18467E-02  0.18142E-02  0.00000E+00  0.00000E+00  0.00000E+00  0.00000E+00
  0.10135E+00  0.37518E+01  0.82243E+00  0.28601E-03  0.13255E-03  0.34090E-02  0.22300E-02  0.18314E-02  0.18114E-02  0.00000E+00  0.00000E+00  0.00000E+00  0.00000E+00
  0.10100E+00  0.37360E+01  0.81612E+00  0.28849E-03  0.13416E-03  0.34260E-02  0.22312E-02  0.18160E-02  0.18085E-02  0.00000E+00  0.00000E+00  0.00000E+00  0.00000E+00
  0.10064E+00  0.37201E+01  0.80984E+00  0.29100E-03  0.13579E-03  0.34432E-02  0.22324E-02  0.18005E-02  0.18056E-02  0.00000E+00  0.00000E+00  0.00000E+00  0.00000E+00
  0.10029E+00  0.37043E+01  0.80358E+00  0.29352E-03  0.13744E-03  0.34605E-02  0.22336E-02  0.17850E-02  0.18026E-02  0.00000E+00  0.00000E+00  0.00000E+00  0.00000E+00
  0.99939E-01  0.36885E+01  0.79734E+00  0.29606E-03  0.13909E-03  0.34780E-02  0.22348E-02  0.17693E-02  0.17996E-02  0.00000E+00  0.00000E+00  0.00000E+00  0.00000E+00
  0.99587E-01  0.36727E+01  0.79112E+00  0.29863E-03  0.14077E-03  0.34956E-02  0.22359E-02  0.17537E-02  0.17966E-02  0.00000E+00  0.00000E+00  0.00000E+00  0.00000E+00
  0.99233E-01  0.36568E+01  0.78492E+00  0.30121E-03  0.14245E-03  0.35133E-02  0.22371E-02  0.17379E-02  0.17934E-02  0.00000E+00  0.00000E+00  0.00000E+00  0.00000E+00
  0.98879E-01  0.36410E+01  0.77875E+00  0.30382E-03  0.14415E-03  0.35312E-02  0.22382E-02  0.17221E-02  0.17902E-02  0.00000E+00  0.00000E+00  0.00000E+00  0.00000E+00
  0.98525E-01  0.36252E+01  0.77260E+00  0.30645E-03  0.14587E-03  0.35492E-02  0.22393E-02  0.17062E-02  0.17870E-02  0.00000E+00  0.00000E+00  0.00000E+00  0.00000E+00
  0.98171E-01  0.36094E+01  0.76647E+00  0.30909E-03  0.14760E-03  0.35673E-02  0.22404E-02  0.16903E-02  0.17837E-02  0.00000E+00  0.00000E+00  0.00000E+00  0.00000E+00
  0.97815E-01  0.35935E+01  0.76036E+00  0.31176E-03  0.14935E-03  0.35856E-02  0.22415E-02  0.16743E-02  0.17804E-02  0.00000E+00  0.00000E+00  0.00000E+00  0.00000E+00
  0.97460E-01  0.35777E+01  0.75428E+00  0.31445E-03  0.15111E-03  0.36041E-02  0.22425E-02  0.16582E-02  0.17770E-02  0.00000E+00  0.00000E+00  0.00000E+00  0.00000E+00
  0.97104E-01  0.35619E+01  0.74821E+00  0.31717E-03  0.15288E-03  0.36226E-02  0.22436E-02  0.16420E-02  0.17735E-02  0.00000E+00  0.00000E+00  0.00000E+00  0.00000E+00
  0.96747E-01  0.35461E+01  0.74217E+00  0.31990E-03  0.15467E-03  0.36414E-02  0.22446E-02  0.16258E-02  0.17700E-02  0.00000E+00  0.00000E+00  0.00000E+00  0.00000E+00
  0.96390E-01  0.35303E+01  0.73615E+00  0.32266E-03  0.15648E-03  0.36603E-02  0.22456E-02  0.16095E-02  0.17664E-02  0.00000E+00  0.00000E+00  0.00000E+00  0.00000E+00
  0.96032E-01  0.35145E+01  0.73016E+00  0.32544E-03  0.15830E-03  0.36793E-02  0.22465E-02  0.15931E-02  0.17628E-02  0.00000E+00  0.00000E+00  0.00000E+00  0.00000E+00
  0.95674E-01  0.34986E+01  0.72418E+00  0.32824E-03  0.16014E-03  0.36985E-02  0.22475E-02  0.15767E-02  0.17591E-02  0.00000E+00  0.00000E+00  0.00000E+00  0.00000E+00
  0.95316E-01  0.34828E+01  0.71823E+00  0.33106E-03  0.16200E-03  0.37179E-02  0.22484E-02  0.15602E-02  0.17553E-02  0.00000E+00  0.00000E+00  0.00000E+00  0.00000E+00
  0.94957E-01  0.34670E+01  0.71230E+00  0.33391E-03  0.16387E-03  0.37374E-02  0.22493E-02  0.15436E-02  0.17515E-02  0.00000E+00  0.00000E+00  0.00000E+00  0.00000E+00
  0.94597E-01  0.34512E+01  0.70640E+00  0.33678E-03  0.16575E-03  0.37571E-02  0.22501E-02  0.15269E-02  0.17476E-02  0.00000E+00  0.00000E+00  0.00000E+00  0.00000E+00
  0.94237E-01  0.34354E+01  0.70051E+00  0.33967E-03  0.16765E-03  0.37770E-02  0.22510E-02  0.15102E-02  0.17436E-02  0.00000E+00  0.00000E+00  0.00000E+00  0.00000E+00
  0.93877E-01  0.34196E+01  0.69465E+00  0.34259E-03  0.16957E-03  0.37970E-02  0.22518E-02  0.14934E-02  0.17396E-02  0.00000E+00  0.00000E+00  0.00000E+00  0.00000E+00
  0.93516E-01  0.34038E+01  0.68881E+00  0.34553E-03  0.17151E-03  0.38172E-02  0.22525E-02  0.14765E-02  0.17355E-02  0.00000E+00  0.00000E+00  0.00000E+00  0.00000E+00
  0.93154E-01  0.33880E+01  0.68299E+00  0.34850E-03  0.17346E-03  0.38376E-02  0.22533E-02  0.14595E-02  0.17313E-02  0.00000E+00  0.00000E+00  0.00000E+00  0.00000E+00
  0.92792E-01  0.33721E+01  0.67720E+00  0.35148E-03  0.17543E-03  0.38581E-02  0.22540E-02  0.14425E-02  0.17271E-02  0.00000E+00  0.00000E+00  0.00000E+00  0.00000E+00
  0.92429E-01  0.33563E+01  0.67143E+00  0.35450E-03  0.17741E-03  0.38788E-02  0.22547E-02  0.14254E-02  0.17228E-02  0.00000E+00  0.00000E+00  0.00000E+00  0.00000E+00
  0.92066E-01  0.33405E+01  0.66568E+00  0.35754E-03  0.17942E-03  0.38997E-02  0.22554E-02  0.14082E-02  0.17184E-02  0.00000E+00  0.00000E+00  0.00000E+00  0.00000E+00
  0.91702E-01  0.33247E+01  0.65995E+00  0.36060E-03  0.18144E-03  0.39207E-02  0.22560E-02  0.13910E-02  0.17140E-02  0.00000E+00  0.00000E+00  0.00000E+00  0.00000E+00
  0.91338E-01  0.33089E+01  0.65425E+00  0.36369E-03  0.18347E-03  0.39420E-02  0.22566E-02  0.13737E-02  0.17095E-02  0.00000E+00  0.00000E+00  0.00000E+00  0.00000E+00
  0.90973E-01  0.32931E+01  0.64857E+00  0.36680E-03  0.18553E-03  0.39634E-02  0.22572E-02  0.13563E-02  0.17049E-02  0.00000E+00  0.00000E+00  0.00000E+00  0.00000E+00
  0.90608E-01  0.32772E+01  0.64291E+00  0.36994E-03  0.18760E-03  0.39850E-02  0.22577E-02  0.13388E-02  0.17002E-02  0.00000E+00  0.00000E+00  0.00000E+00  0.00000E+00
  0.90242E-01  0.32614E+01  0.63727E+00  0.37311E-03  0.18969E-03  0.40068E-02  0.22582E-02  0.13213E-02  0.16954E-02  0.00000E+00  0.00000E+00  0.00000E+00  0.00000E+00
  0.89876E-01  0.32456E+01  0.63166E+00  0.37630E-03  0.19180E-03  0.40288E-02  0.22587E-02  0.13036E-02  0.16906E-02  0.00000E+00  0.00000E+00  0.00000E+00  0.00000E+00
  0.89509E-01  0.32298E+01  0.62607E+00  0.37952E-03  0.19392E-03  0.40510E-02  0.22591E-02  0.12859E-02  0.16857E-02  0.00000E+00  0.00000E+00  0.00000E+00  0.00000E+00
  0.89141E-01  0.32140E+01  0.62050E+00  0.38276E-03  0.19606E-03  0.40734E-02  0.22595E-02  0.12682E-02  0.16807E-02  0.00000E+00  0.00000E+00  0.00000E+00  0.00000E+00
  0.88773E-01  0.31981E+01  0.61496E+00  0.38603E-03  0.19823E-03  0.40960E-02  0.22598E-02  0.12503E-02  0.16756E-02  0.00000E+00  0.00000E+00  0.00000E+00  0.00000E+00
  0.88404E-01  0.31823E+01  0.60944E+00  0.38933E-03  0.20041E-03  0.41188E-02  0.22601E-02  0.12324E-02  0.16704E-02  0.00000E+00  0.00000E+00  0.00000E+00  0.00000E+00
  0.88035E-01  0.31665E+01  0.60394E+00  0.39266E-03  0.20260E-03  0.41418E-02  0.22604E-02  0.12144E-02  0.16651E-02  0.00000E+00  0.00000E+00  0.00000E+00  0.00000E+00
  0.87665E-01  0.31507E+01  0.59846E+00  0.39601E-03  0.20482E-03  0.41650E-02  0.22606E-02  0.11964E-02  0.16598E-02  0.00000E+00  0.00000E+00  0.00000E+00  0.00000E+00
  0.87295E-01  0.31348E+01  0.59301E+00  0.39939E-03  0.20706E-03  0.41884E-02  0.22608E-02  0.11782E-02  0.16543E-02  0.00000E+00  0.00000E+00  0.00000E+00  0.00000E+00
  0.86924E-01  0.31190E+01  0.58758E+00  0.40280E-03  0.20931E-03  0.42120E-02  0.22609E-02  0.11600E-02  0.16488E-02  0.00000E+00  0.00000E+00  0.00000E+00  0.00000E+00
  0.86552E-01  0.31032E+01  0.58218E+00  0.40624E-03  0.21158E-03  0.42358E-02  0.22610E-02  0.11417E-02  0.16432E-02  0.00000E+00  0.00000E+00  0.00000E+00  0.00000E+00
  0.86180E-01  0.30873E+01  0.57679E+00  0.40971E-03  0.21387E-03  0.42599E-02  0.22610E-02  0.11234E-02  0.16374E-02  0.00000E+00  0.00000E+00  0.00000E+00  0.00000E+00
  0.85807E-01  0.30715E+01  0.57144E+00  0.41320E-03  0.21619E-03  0.42841E-02  0.22610E-02  0.11050E-02  0.16316E-02  0.00000E+00  0.00000E+00  0.00000E+00  0.00000E+00
  0.85433E-01  0.30556E+01  0.56610E+00  0.41673E-03  0.21852E-03  0.43086E-02  0.22609E-02  0.10865E-02  0.16257E-02  0.00000E+00  0.00000E+00  0.00000E+00  0.00000E+00
  0.85059E-01  0.30398E+01  0.56079E+00  0.42028E-03  0.22087E-03  0.43334E-02  0.22608E-02  0.10679E-02  0.16197E-02  0.00000E+00  0.00000E+00  0.00000E+00  0.00000E+00
  0.84685E-01  0.30239E+01  0.55550E+00  0.42387E-03  0.22324E-03  0.43583E-02  0.22607E-02  0.10492E-02  0.16135E-02  0.00000E+00  0.00000E+00  0.00000E+00  0.00000E+00
  0.84309E-01  0.30081E+01  0.55023E+00  0.42748E-03  0.22562E-03  0.43835E-02  0.22604E-02  0.10305E-02  0.16073E-02  0.00000E+00  0.00000E+00  0.00000E+00  0.00000E+00
  0.83933E-01  0.29922E+01  0.54499E+00  0.43113E-03  0.22803E-03  0.44089E-02  0.22601E-02  0.10117E-02  0.16010E-02  0.00000E+00  0.00000E+00  0.00000E+00  0.00000E+00
  0.83557E-01  0.29764E+01  0.53977E+00  0.43480E-03  0.23046E-03  0.44345E-02  0.22598E-02  0.99289E-03  0.15945E-02  0.00000E+00  0.00000E+00  0.00000E+00  0.00000E+00
  0.83180E-01  0.29605E+01  0.53457E+00  0.43851E-03  0.23291E-03  0.44604E-02  0.22594E-02  0.97397E-03  0.15880E-02  0.00000E+00  0.00000E+00  0.00000E+00  0.00000E+00
  0.82802E-01  0.29447E+01  0.52940E+00  0.44225E-03  0.23538E-03  0.44866E-02  0.22589E-02  0.95499E-03  0.15813E-02  0.00000E+00  0.00000E+00  0.00000E+00  0.00000E+00
  0.82424E-01  0.29288E+01  0.52425E+00  0.44601E-03  0.23787E-03  0.45130E-02  0.22584E-02  0.93594E-03  0.15745E-02  0.00000E+00  0.00000E+00  0.00000E+00  0.00000E+00
  0.82045E-01  0.29129E+01  0.51913E+00  0.44981E-03  0.24038E-03  0.45396E-02  0.22578E-02  0.91682E-03  0.15676E-02  0.00000E+00  0.00000E+00  0.00000E+00  0.00000E+00
  0.81665E-01  0.28970E+01  0.51403E+00  0.45365E-03  0.24291E-03  0.45665E-02  0.22571E-02  0.89764E-03  0.15605E-02  0.00000E+00  0.00000E+00  0.00000E+00  0.00000E+00
  0.81284E-01  0.28812E+01  0.50895E+00  0.45751E-03  0.24546E-03  0.45936E-02  0.22564E-02  0.87840E-03  0.15534E-02  0.00000E+00  0.00000E+00  0.00000E+00  0.00000E+00
  0.80904E-01  0.28653E+01  0.50389E+00  0.46141E-03  0.24804E-03  0.46210E-02  0.22555E-02  0.85911E-03  0.15461E-02  0.00000E+00  0.00000E+00  0.00000E+00  0.00000E+00
  0.80522E-01  0.28494E+01  0.49886E+00  0.46534E-03  0.25063E-03  0.46487E-02  0.22546E-02  0.83975E-03  0.15387E-02  0.00000E+00  0.00000E+00  0.00000E+00  0.00000E+00
  0.80140E-01  0.28335E+01  0.49386E+00  0.46930E-03  0.25324E-03  0.46766E-02  0.22537E-02  0.82034E-03  0.15311E-02  0.00000E+00  0.00000E+00  0.00000E+00  0.00000E+00
  0.79757E-01  0.28176E+01  0.48887E+00  0.47330E-03  0.25588E-03  0.47048E-02  0.22526E-02  0.80087E-03  0.15235E-02  0.00000E+00  0.00000E+00  0.00000E+00  0.00000E+00
  0.79373E-01  0.28018E+01  0.48392E+00  0.47732E-03  0.25853E-03  0.47332E-02  0.22515E-02  0.78135E-03  0.15156E-02  0.00000E+00  0.00000E+00  0.00000E+00  0.00000E+00
  0.78989E-01  0.27859E+01  0.47898E+00  0.48139E-03  0.26121E-03  0.47620E-02  0.22503E-02  0.76178E-03  0.15077E-02  0.00000E+00  0.00000E+00  0.00000E+00  0.00000E+00
  0.78604E-01  0.27700E+01  0.47407E+00  0.48548E-03  0.26391E-03  0.47910E-02  0.22490E-02  0.74216E-03  0.14996E-02  0.00000E+00  0.00000E+00  0.00000E+00  0.00000E+00
  0.78219E-01  0.27541E+01  0.46918E+00  0.48961E-03  0.26663E-03  0.48203E-02  0.22476E-02  0.72250E-03  0.14914E-02  0.00000E+00  0.00000E+00  0.00000E+00  0.00000E+00
  0.77833E-01  0.27382E+01  0.46432E+00  0.49378E-03  0.26937E-03  0.48499E-02  0.22461E-02  0.70280E-03  0.14830E-02  0.00000E+00  0.00000E+00  0.00000E+00  0.00000E+00
  0.77446E-01  0.27223E+01  0.45948E+00  0.49798E-03  0.27213E-03  0.48797E-02  0.22445E-02  0.68306E-03  0.14744E-02  0.00000E+00  0.00000E+00  0.00000E+00  0.00000E+00
  0.77059E-01  0.27064E+01  0.45467E+00  0.50221E-03  0.27491E-03  0.49099E-02  0.22428E-02  0.66329E-03  0.14657E-02  0.00000E+00  0.00000E+00  0.00000E+00  0.00000E+00
  0.76671E-01  0.26905E+01  0.44988E+00  0.50648E-03  0.27772E-03  0.49404E-02  0.22411E-02  0.64348E-03  0.14569E-02  0.00000E+00  0.00000E+00  0.00000E+00  0.00000E+00
  0.76282E-01  0.26746E+01  0.44511E+00  0.51078E-03  0.28054E-03  0.49711E-02  0.22392E-02  0.62365E-03  0.14478E-02  0.00000E+00  0.00000E+00  0.00000E+00  0.00000E+00
  0.75893E-01  0.26587E+01  0.44037E+00  0.51512E-03  0.28339E-03  0.50021E-02  0.22372E-02  0.60380E-03  0.14386E-02  0.00000E+00  0.00000E+00  0.00000E+00  0.00000E+00
  0.75503E-01  0.26427E+01  0.43565E+00  0.51950E-03  0.28626E-03  0.50335E-02  0.22350E-02  0.58393E-03  0.14293E-02  0.00000E+00  0.00000E+00  0.00000E+00  0.00000E+00
  0.75112E-01  0.26268E+01  0.43096E+00  0.52390E-03  0.28915E-03  0.50651E-02  0.22328E-02  0.56405E-03  0.14198E-02  0.00000E+00  0.00000E+00  0.00000E+00  0.00000E+00
  0.74721E-01  0.26109E+01  0.42629E+00  0.52835E-03  0.29206E-03  0.50971E-02  0.22304E-02  0.54417E-03  0.14100E-02  0.00000E+00  0.00000E+00  0.00000E+00  0.00000E+00
  0.74329E-01  0.25950E+01  0.42164E+00  0.53283E-03  0.29499E-03  0.51293E-02  0.22280E-02  0.52428E-03  0.14001E-02  0.00000E+00  0.00000E+00  0.00000E+00  0.00000E+00
  0.73937E-01  0.25791E+01  0.41702E+00  0.53734E-03  0.29794E-03  0.51619E-02  0.22254E-02  0.50440E-03  0.13901E-02  0.00000E+00  0.00000E+00  0.00000E+00  0.00000E+00
  0.73544E-01  0.25632E+01  0.41243E+00  0.54190E-03  0.30092E-03  0.51948E-02  0.22226E-02  0.48454E-03  0.13798E-02  0.00000E+00  0.00000E+00  0.00000E+00  0.00000E+00
  0.73151E-01  0.25473E+01  0.40786E+00  0.54648E-03  0.30391E-03  0.52280E-02  0.22197E-02  0.46470E-03  0.13693E-02  0.00000E+00  0.00000E+00  0.00000E+00  0.00000E+00
  0.72757E-01  0.25314E+01  0.40331E+00  0.55111E-03  0.30692E-03  0.52615E-02  0.22167E-02  0.44489E-03  0.13587E-02  0.00000E+00  0.00000E+00  0.00000E+00  0.00000E+00
  0.72362E-01  0.25155E+01  0.39879E+00  0.55576E-03  0.30996E-03  0.52953E-02  0.22135E-02  0.42512E-03  0.13478E-02  0.00000E+00  0.00000E+00  0.00000E+00  0.00000E+00
  0.71967E-01  0.24996E+01  0.39429E+00  0.56046E-03  0.31301E-03  0.53295E-02  0.22102E-02  0.40540E-03  0.13367E-02  0.00000E+00  0.00000E+00  0.00000E+00  0.00000E+00
  0.71572E-01  0.24837E+01  0.38982E+00  0.56518E-03  0.31608E-03  0.53639E-02  0.22067E-02  0.38575E-03  0.13254E-02  0.00000E+00  0.00000E+00  0.00000E+00  0.00000E+00
  0.71176E-01  0.24678E+01  0.38537E+00  0.56995E-03  0.31917E-03  0.53987E-02  0.22030E-02  0.36616E-03  0.13139E-02  0.00000E+00  0.00000E+00  0.00000E+00  0.00000E+00
  0.70780E-01  0.24519E+01  0.38094E+00  0.57474E-03  0.32228E-03  0.54338E-02  0.21991E-02  0.34667E-03  0.13021E-02  0.00000E+00  0.00000E+00  0.00000E+00  0.00000E+00
  0.70383E-01  0.24361E+01  0.37655E+00  0.57957E-03  0.32541E-03  0.54692E-02  0.21951E-02  0.32727E-03  0.12901E-02  0.00000E+00  0.00000E+00  0.00000E+00  0.00000E+00
  0.69986E-01  0.24202E+01  0.37217E+00  0.58444E-03  0.32856E-03  0.55049E-02  0.21909E-02  0.30799E-03  0.12779E-02  0.00000E+00  0.00000E+00  0.00000E+00  0.00000E+00
  0.69588E-01  0.24044E+01  0.36782E+00  0.58933E-03  0.33172E-03  0.55410E-02  0.21865E-02  0.28885E-03  0.12654E-02  0.00000E+00  0.00000E+00  0.00000E+00  0.00000E+00
  0.69190E-01  0.23885E+01  0.36350E+00  0.59426E-03  0.33490E-03  0.55773E-02  0.21819E-02  0.26986E-03  0.12527E-02  0.00000E+00  0.00000E+00  0.00000E+00  0.00000E+00
  0.68792E-01  0.23727E+01  0.35920E+00  0.59922E-03  0.33809E-03  0.56139E-02  0.21770E-02  0.25104E-03  0.12397E-02  0.00000E+00  0.00000E+00  0.00000E+00  0.00000E+00
  0.68394E-01  0.23569E+01  0.35492E+00  0.60421E-03  0.34130E-03  0.56509E-02  0.21720E-02  0.23242E-03  0.12265E-02  0.00000E+00  0.00000E+00  0.00000E+00  0.00000E+00
  0.67995E-01  0.23411E+01  0.35067E+00  0.60923E-03  0.34452E-03  0.56881E-02  0.21667E-02  0.21403E-03  0.12129E-02  0.00000E+00  0.00000E+00  0.00000E+00  0.00000E+00
  0.67597E-01  0.23254E+01  0.34645E+00  0.61427E-03  0.34775E-03  0.57256E-02  0.21611E-02  0.19588E-03  0.11991E-02  0.00000E+00  0.00000E+00  0.00000E+00  0.00000E+00
  0.67198E-01  0.23096E+01  0.34225E+00  0.61934E-03  0.35100E-03  0.57634E-02  0.21553E-02  0.17803E-03  0.11850E-02  0.00000E+00  0.00000E+00  0.00000E+00  0.00000E+00
  0.66800E-01  0.22939E+01  0.33807E+00  0.62443E-03  0.35425E-03  0.58014E-02  0.21493E-02  0.16049E-03  0.11706E-02  0.00000E+00  0.00000E+00  0.00000E+00  0.00000E+00
  0.66402E-01  0.22782E+01  0.33392E+00  0.62955E-03  0.35751E-03  0.58396E-02  0.21429E-02  0.14331E-03  0.11559E-02  0.00000E+00  0.00000E+00  0.00000E+00  0.00000E+00
  0.66004E-01  0.22626E+01  0.32979E+00  0.63468E-03  0.36077E-03  0.58781E-02  0.21363E-02  0.12654E-03  0.11408E-02  0.00000E+00  0.00000E+00  0.00000E+00  0.00000E+00
  0.65606E-01  0.22470E+01  0.32569E+00  0.63983E-03  0.36404E-03  0.59168E-02  0.21293E-02  0.11023E-03  0.11254E-02  0.00000E+00  0.00000E+00  0.00000E+00  0.00000E+00
  0.65209E-01  0.22314E+01  0.32162E+00  0.64499E-03  0.36730E-03  0.59556E-02  0.21220E-02  0.94441E-04  0.11097E-02  0.00000E+00  0.00000E+00  0.00000E+00  0.00000E+00
  0.64813E-01  0.22159E+01  0.31756E+00  0.65016E-03  0.37056E-03  0.59946E-02  0.21143E-02  0.79250E-04  0.10936E-02  0.00000E+00  0.00000E+00  0.00000E+00  0.00000E+00
  0.64418E-01  0.22005E+01  0.31354E+00  0.65533E-03  0.37382E-03  0.60337E-02  0.21062E-02  0.64741E-04  0.10771E-02  0.00000E+00  0.00000E+00  0.00000E+00  0.00000E+00
  0.64024E-01  0.21851E+01  0.30954E+00  0.66049E-03  0.37706E-03  0.60728E-02  0.20978E-02  0.51022E-04  0.10602E-02  0.00000E+00  0.00000E+00  0.00000E+00  0.00000E+00
  0.63632E-01  0.21699E+01  0.30556E+00  0.66564E-03  0.38027E-03  0.61118E-02  0.20888E-02  0.38226E-04  0.10429E-02  0.00000E+00  0.00000E+00  0.00000E+00  0.00000E+00
  0.63242E-01  0.21547E+01  0.30160E+00  0.67076E-03  0.38346E-03  0.61507E-02  0.20794E-02  0.26528E-04  0.10251E-02  0.00000E+00  0.00000E+00  0.00000E+00  0.00000E+00
  0.62855E-01  0.21397E+01  0.29767E+00  0.67585E-03  0.38661E-03  0.61894E-02  0.20693E-02  0.16173E-04  0.10069E-02  0.00000E+00  0.00000E+00  0.00000E+00  0.00000E+00
  0.62472E-01  0.21249E+01  0.29377E+00  0.68086E-03  0.38971E-03  0.62275E-02  0.20586E-02  0.75390E-05  0.98806E-03  0.00000E+00  0.00000E+00  0.00000E+00  0.00000E+00
  0.62095E-01  0.21103E+01  0.28989E+00  0.68576E-03  0.39271E-03  0.62647E-02  0.20470E-02  0.13751E-05  0.96859E-03  0.00000E+00  0.00000E+00  0.00000E+00  0.00000E+00
  0.61731E-01  0.20962E+01  0.28603E+00  0.69038E-03  0.39550E-03  0.62997E-02  0.20340E-02  0.00000E+00  0.94807E-03  0.00000E+00  0.00000E+00  0.00000E+00  0.00000E+00
  0.61370E-01  0.20823E+01  0.28219E+00  0.69495E-03  0.39825E-03  0.63343E-02  0.20203E-02  0.00000E+00  0.92710E-03  0.00000E+00  0.00000E+00  0.00000E+00  0.00000E+00
  0.61007E-01  0.20683E+01  0.27838E+00  0.69956E-03  0.40102E-03  0.63694E-02  0.20065E-02  0.00000E+00  0.90587E-03  0.00000E+00  0.00000E+00  0.00000E+00  0.00000E+00
  0.60642E-01  0.20543E+01  0.27459E+00  0.70421E-03  0.40380E-03  0.64049E-02  0.19924E-02  0.00000E+00  0.88440E-03  0.00000E+00  0.00000E+00  0.00000E+00  0.00000E+00
  0.60276E-01  0.20403E+01  0.27082E+00  0.70890E-03  0.40659E-03  0.64409E-02  0.19782E-02  0.00000E+00  0.86267E-03  0.00000E+00  0.00000E+00  0.00000E+00  0.00000E+00
  0.59909E-01  0.20262E+01  0.26708E+00  0.71362E-03  0.40940E-03  0.64773E-02  0.19637E-02  0.00000E+00  0.84069E-03  0.00000E+00  0.00000E+00  0.00000E+00  0.00000E+00
  0.59540E-01  0.20121E+01  0.26335E+00  0.71838E-03  0.41221E-03  0.65143E-02  0.19490E-02  0.00000E+00  0.81845E-03  0.00000E+00  0.00000E+00  0.00000E+00  0.00000E+00
  0.59169E-01  0.19979E+01  0.25965E+00  0.72318E-03  0.41504E-03  0.65516E-02  0.19342E-02  0.00000E+00  0.79594E-03  0.00000E+00  0.00000E+00  0.00000E+00  0.00000E+00
  0.58797E-01  0.19837E+01  0.25598E+00  0.72801E-03  0.41788E-03  0.65895E-02  0.19191E-02  0.00000E+00  0.77317E-03  0.00000E+00  0.00000E+00  0.00000E+00  0.00000E+00
  0.58423E-01  0.19695E+01  0.25232E+00  0.73288E-03  0.42073E-03  0.66279E-02  0.19037E-02  0.00000E+00  0.75014E-03  0.00000E+00  0.00000E+00  0.00000E+00  0.00000E+00
  0.58047E-01  0.19552E+01  0.24870E+00  0.73778E-03  0.42359E-03  0.66667E-02  0.18882E-02  0.00000E+00  0.72683E-03  0.00000E+00  0.00000E+00  0.00000E+00  0.00000E+00
  0.57670E-01  0.19409E+01  0.24509E+00  0.74272E-03  0.42645E-03  0.67061E-02  0.18724E-02  0.00000E+00  0.70326E-03  0.00000E+00  0.00000E+00  0.00000E+00  0.00000E+00
  0.57291E-01  0.19265E+01  0.24151E+00  0.74769E-03  0.42932E-03  0.67459E-02  0.18564E-02  0.00000E+00  0.67941E-03  0.00000E+00  0.00000E+00  0.00000E+00  0.00000E+00
  0.56910E-01  0.19121E+01  0.23795E+00  0.75270E-03  0.43220E-03  0.67863E-02  0.18402E-02  0.00000E+00  0.65529E-03  0.00000E+00  0.00000E+00  0.00000E+00  0.00000E+00
  0.56528E-01  0.18977E+01  0.23441E+00  0.75774E-03  0.43507E-03  0.68272E-02  0.18237E-02  0.00000E+00  0.63089E-03  0.00000E+00  0.00000E+00  0.00000E+00  0.00000E+00
  0.56144E-01  0.18832E+01  0.23090E+00  0.76280E-03  0.43795E-03  0.68685E-02  0.18070E-02  0.00000E+00  0.60622E-03  0.00000E+00  0.00000E+00  0.00000E+00  0.00000E+00
  0.55758E-01  0.18687E+01  0.22742E+00  0.76790E-03  0.44083E-03  0.69105E-02  0.17900E-02  0.00000E+00  0.58128E-03  0.00000E+00  0.00000E+00  0.00000E+00  0.00000E+00
  0.55371E-01  0.18542E+01  0.22395E+00  0.77301E-03  0.44370E-03  0.69529E-02  0.17728E-02  0.00000E+00  0.55607E-03  0.00000E+00  0.00000E+00  0.00000E+00  0.00000E+00
  0.54982E-01  0.18396E+01  0.22051E+00  0.77816E-03  0.44657E-03  0.69958E-02  0.17553E-02  0.00000E+00  0.53059E-03  0.00000E+00  0.00000E+00  0.00000E+00  0.00000E+00
  0.54592E-01  0.18250E+01  0.21710E+00  0.78332E-03  0.44943E-03  0.70393E-02  0.17376E-02  0.00000E+00  0.50485E-03  0.00000E+00  0.00000E+00  0.00000E+00  0.00000E+00
  0.54200E-01  0.18103E+01  0.21371E+00  0.78850E-03  0.45228E-03  0.70833E-02  0.17196E-02  0.00000E+00  0.47885E-03  0.00000E+00  0.00000E+00  0.00000E+00  0.00000E+00
  0.53806E-01  0.17956E+01  0.21034E+00  0.79369E-03  0.45510E-03  0.71277E-02  0.17014E-02  0.00000E+00  0.45260E-03  0.00000E+00  0.00000E+00  0.00000E+00  0.00000E+00
  0.53411E-01  0.17809E+01  0.20700E+00  0.79888E-03  0.45791E-03  0.71727E-02  0.16829E-02  0.00000E+00  0.42612E-03  0.00000E+00  0.00000E+00  0.00000E+00  0.00000E+00
  0.53014E-01  0.17662E+01  0.20369E+00  0.80408E-03  0.46069E-03  0.72181E-02  0.16642E-02  0.00000E+00  0.39941E-03  0.00000E+00  0.00000E+00  0.00000E+00  0.00000E+00
  0.52616E-01  0.17514E+01  0.20039E+00  0.80928E-03  0.46344E-03  0.72640E-02  0.16452E-02  0.00000E+00  0.37250E-03  0.00000E+00  0.00000E+00  0.00000E+00  0.00000E+00
  0.52216E-01  0.17366E+01  0.19713E+00  0.81446E-03  0.46614E-03  0.73103E-02  0.16260E-02  0.00000E+00  0.34540E-03  0.00000E+00  0.00000E+00  0.00000E+00  0.00000E+00
  0.51816E-01  0.17218E+01  0.19389E+00  0.81962E-03  0.46880E-03  0.73570E-02  0.16066E-02  0.00000E+00  0.31814E-03  0.00000E+00  0.00000E+00  0.00000E+00  0.00000E+00
  0.51414E-01  0.17069E+01  0.19067E+00  0.82474E-03  0.47140E-03  0.74041E-02  0.15869E-02  0.00000E+00  0.29076E-03  0.00000E+00  0.00000E+00  0.00000E+00  0.00000E+00
  0.51011E-01  0.16921E+01  0.18748E+00  0.82981E-03  0.47393E-03  0.74514E-02  0.15670E-02  0.00000E+00  0.26328E-03  0.00000E+00  0.00000E+00  0.00000E+00  0.00000E+00
  0.50608E-01  0.16772E+01  0.18431E+00  0.83482E-03  0.47637E-03  0.74990E-02  0.15470E-02  0.00000E+00  0.23578E-03  0.00000E+00  0.00000E+00  0.00000E+00  0.00000E+00
  0.50204E-01  0.16624E+01  0.18117E+00  0.83974E-03  0.47872E-03  0.75467E-02  0.15268E-02  0.00000E+00  0.20830E-03  0.00000E+00  0.00000E+00  0.00000E+00  0.00000E+00
  0.49799E-01  0.16475E+01  0.17805E+00  0.84455E-03  0.48094E-03  0.75944E-02  0.15064E-02  0.00000E+00  0.18093E-03  0.00000E+00  0.00000E+00  0.00000E+00  0.00000E+00
  0.49395E-01  0.16327E+01  0.17496E+00  0.84921E-03  0.48301E-03  0.76420E-02  0.14860E-02  0.00000E+00  0.15378E-03  0.00000E+00  0.00000E+00  0.00000E+00  0.00000E+00
  0.48992E-01  0.16180E+01  0.17190E+00  0.85368E-03  0.48490E-03  0.76892E-02  0.14656E-02  0.00000E+00  0.12698E-03  0.00000E+00  0.00000E+00  0.00000E+00  0.00000E+00
  0.48590E-01  0.16033E+01  0.16885E+00  0.85791E-03  0.48656E-03  0.77358E-02  0.14452E-02  0.00000E+00  0.10074E-03  0.00000E+00  0.00000E+00  0.00000E+00  0.00000E+00
  0.48190E-01  0.15887E+01  0.16584E+00  0.86180E-03  0.48793E-03  0.77814E-02  0.14250E-02  0.00000E+00  0.75318E-04  0.00000E+00  0.00000E+00  0.00000E+00  0.00000E+00
  0.47795E-01  0.15744E+01  0.16285E+00  0.86524E-03  0.48891E-03  0.78253E-02  0.14053E-02  0.00000E+00  0.51128E-04  0.00000E+00  0.00000E+00  0.00000E+00  0.00000E+00
  0.47406E-01  0.15602E+01  0.15988E+00  0.86802E-03  0.48936E-03  0.78667E-02  0.13862E-02  0.00000E+00  0.28853E-04  0.00000E+00  0.00000E+00  0.00000E+00  0.00000E+00
  0.47029E-01  0.15466E+01  0.15694E+00  0.86975E-03  0.48896E-03  0.79033E-02  0.13686E-02  0.00000E+00  0.98651E-05  0.00000E+00  0.00000E+00  0.00000E+00  0.00000E+00
  0.46688E-01  0.15342E+01  0.15402E+00  0.86870E-03  0.48643E-03  0.79266E-02  0.13551E-02  0.00000E+00  0.00000E+00  0.00000E+00  0.00000E+00  0.00000E+00  0.00000E+00
  0.46384E-01  0.15232E+01  0.15112E+00  0.86469E-03  0.48162E-03  0.79354E-02  0.13463E-02  0.00000E+00  0.00000E+00  0.00000E+00  0.00000E+00  0.00000E+00  0.00000E+00
  0.46078E-01  0.15122E+01  0.14824E+00  0.86063E-03  0.47676E-03  0.79443E-02  0.13374E-02  0.00000E+00  0.00000E+00  0.00000E+00  0.00000E+00  0.00000E+00  0.00000E+00
  0.45770E-01  0.15011E+01  0.14537E+00  0.85651E-03  0.47184E-03  0.79534E-02  0.13284E-02  0.00000E+00  0.00000E+00  0.00000E+00  0.00000E+00  0.00000E+00  0.00000E+00
  0.45461E-01  0.14900E+01  0.14253E+00  0.85234E-03  0.46686E-03  0.79625E-02  0.13192E-02  0.00000E+00  0.00000E+00  0.00000E+00  0.00000E+00  0.00000E+00  0.00000E+00
  0.45149E-01  0.14788E+01  0.13971E+00  0.84811E-03  0.46182E-03  0.79718E-02  0.13099E-02  0.00000E+00  0.00000E+00  0.00000E+00  0.00000E+00  0.00000E+00  0.00000E+00
  0.44836E-01  0.14676E+01  0.13690E+00  0.84383E-03  0.45672E-03  0.79812E-02  0.13006E-02  0.00000E+00  0.00000E+00  0.00000E+00  0.00000E+00  0.00000E+00  0.00000E+00
  0.44520E-01  0.14563E+01  0.13412E+00  0.83949E-03  0.45156E-03  0.79907E-02  0.12910E-02  0.00000E+00  0.00000E+00  0.00000E+00  0.00000E+00  0.00000E+00  0.00000E+00
  0.44203E-01  0.14450E+01  0.13136E+00  0.83509E-03  0.44633E-03  0.80003E-02  0.12814E-02  0.00000E+00  0.00000E+00  0.00000E+00  0.00000E+00  0.00000E+00  0.00000E+00
  0.43883E-01  0.14336E+01  0.12861E+00  0.83063E-03  0.44103E-03  0.80101E-02  0.12717E-02  0.00000E+00  0.00000E+00  0.00000E+00  0.00000E+00  0.00000E+00  0.00000E+00
  0.43562E-01  0.14222E+01  0.12589E+00  0.82610E-03  0.43567E-03  0.80200E-02  0.12618E-02  0.00000E+00  0.00000E+00  0.00000E+00  0.00000E+00  0.00000E+00  0.00000E+00
  0.43238E-01  0.14107E+01  0.12318E+00  0.82152E-03  0.43023E-03  0.80300E-02  0.12518E-02  0.00000E+00  0.00000E+00  0.00000E+00  0.00000E+00  0.00000E+00  0.00000E+00
  0.42912E-01  0.13991E+01  0.12050E+00  0.81686E-03  0.42473E-03  0.80401E-02  0.12416E-02  0.00000E+00  0.00000E+00  0.00000E+00  0.00000E+00  0.00000E+00  0.00000E+00
  0.42584E-01  0.13875E+01  0.11783E+00  0.81214E-03  0.41916E-03  0.80504E-02  0.12313E-02  0.00000E+00  0.00000E+00  0.00000E+00  0.00000E+00  0.00000E+00  0.00000E+00
  0.42253E-01  0.13758E+01  0.11519E+00  0.80735E-03  0.41351E-03  0.80609E-02  0.12209E-02  0.00000E+00  0.00000E+00  0.00000E+00  0.00000E+00  0.00000E+00  0.00000E+00
  0.41920E-01  0.13641E+01  0.11256E+00  0.80250E-03  0.40779E-03  0.80715E-02  0.12103E-02  0.00000E+00  0.00000E+00  0.00000E+00  0.00000E+00  0.00000E+00  0.00000E+00
  0.41585E-01  0.13523E+01  0.10996E+00  0.79756E-03  0.40199E-03  0.80822E-02  0.11996E-02  0.00000E+00  0.00000E+00  0.00000E+00  0.00000E+00  0.00000E+00  0.00000E+00
  0.41247E-01  0.13404E+01  0.10738E+00  0.79256E-03  0.39612E-03  0.80931E-02  0.11887E-02  0.00000E+00  0.00000E+00  0.00000E+00  0.00000E+00  0.00000E+00  0.00000E+00
  0.40907E-01  0.13285E+01  0.10482E+00  0.78748E-03  0.39016E-03  0.81041E-02  0.11776E-02  0.00000E+00  0.00000E+00  0.00000E+00  0.00000E+00  0.00000E+00  0.00000E+00
  0.40563E-01  0.13165E+01  0.10228E+00  0.78232E-03  0.38412E-03  0.81153E-02  0.11664E-02  0.00000E+00  0.00000E+00  0.00000E+00  0.00000E+00  0.00000E+00  0.00000E+00
  0.40218E-01  0.13044E+01  0.99765E-01  0.77708E-03  0.37800E-03  0.81267E-02  0.11551E-02  0.00000E+00  0.00000E+00  0.00000E+00  0.00000E+00  0.00000E+00  0.00000E+00
  0.39869E-01  0.12922E+01  0.97270E-01  0.77176E-03  0.37179E-03  0.81382E-02  0.11436E-02  0.00000E+00  0.00000E+00  0.00000E+00  0.00000E+00  0.00000E+00  0.00000E+00
  0.39518E-01  0.12800E+01  0.94796E-01  0.76636E-03  0.36550E-03  0.81499E-02  0.11319E-02  0.00000E+00  0.00000E+00  0.00000E+00  0.00000E+00  0.00000E+00  0.00000E+00
  0.39164E-01  0.12677E+01  0.92344E-01  0.76087E-03  0.35912E-03  0.81618E-02  0.11200E-02  0.00000E+00  0.00000E+00  0.00000E+00  0.00000E+00  0.00000E+00  0.00000E+00
  0.38807E-01  0.12553E+01  0.89914E-01  0.75529E-03  0.35264E-03  0.81738E-02  0.11079E-02  0.00000E+00  0.00000E+00  0.00000E+00  0.00000E+00  0.00000E+00  0.00000E+00
  0.38446E-01  0.12428E+01  0.87507E-01  0.74962E-03  0.34608E-03  0.81860E-02  0.10957E-02  0.00000E+00  0.00000E+00  0.00000E+00  0.00000E+00  0.00000E+00  0.00000E+00
  0.38083E-01  0.12303E+01  0.85122E-01  0.74385E-03  0.33941E-03  0.81985E-02  0.10833E-02  0.00000E+00  0.00000E+00  0.00000E+00  0.00000E+00  0.00000E+00  0.00000E+00
  0.37717E-01  0.12176E+01  0.82760E-01  0.73799E-03  0.33265E-03  0.82111E-02  0.10706E-02  0.00000E+00  0.00000E+00  0.00000E+00  0.00000E+00  0.00000E+00  0.00000E+00
  0.37347E-01  0.12049E+01  0.80421E-01  0.73203E-03  0.32579E-03  0.82239E-02  0.10578E-02  0.00000E+00  0.00000E+00  0.00000E+00  0.00000E+00  0.00000E+00  0.00000E+00
  0.36973E-01  0.11920E+01  0.78105E-01  0.72596E-03  0.31883E-03  0.82369E-02  0.10448E-02  0.00000E+00  0.00000E+00  0.00000E+00  0.00000E+00  0.00000E+00  0.00000E+00
  0.36597E-01  0.11791E+01  0.75812E-01  0.71979E-03  0.31177E-03  0.82502E-02  0.10316E-02  0.00000E+00  0.00000E+00  0.00000E+00  0.00000E+00  0.00000E+00  0.00000E+00
  0.36216E-01  0.11661E+01  0.73543E-01  0.71351E-03  0.30460E-03  0.82636E-02  0.10181E-02  0.00000E+00  0.00000E+00  0.00000E+00  0.00000E+00  0.00000E+00  0.00000E+00
  0.35832E-01  0.11529E+01  0.71298E-01  0.70711E-03  0.29731E-03  0.82773E-02  0.10044E-02  0.00000E+00  0.00000E+00  0.00000E+00  0.00000E+00  0.00000E+00  0.00000E+00
  0.35445E-01  0.11397E+01  0.69077E-01  0.70060E-03  0.28992E-03  0.82912E-02  0.99052E-03  0.00000E+00  0.00000E+00  0.00000E+00  0.00000E+00  0.00000E+00  0.00000E+00
  0.35053E-01  0.11264E+01  0.66880E-01  0.69397E-03  0.28241E-03  0.83054E-02  0.97638E-03  0.00000E+00  0.00000E+00  0.00000E+00  0.00000E+00  0.00000E+00  0.00000E+00
  0.34657E-01  0.11129E+01  0.64708E-01  0.68721E-03  0.27479E-03  0.83197E-02  0.96200E-03  0.00000E+00  0.00000E+00  0.00000E+00  0.00000E+00  0.00000E+00  0.00000E+00
  0.34257E-01  0.10993E+01  0.62560E-01  0.68033E-03  0.26705E-03  0.83344E-02  0.94737E-03  0.00000E+00  0.00000E+00  0.00000E+00  0.00000E+00  0.00000E+00  0.00000E+00
  0.33853E-01  0.10856E+01  0.60438E-01  0.67331E-03  0.25918E-03  0.83493E-02  0.93249E-03  0.00000E+00  0.00000E+00  0.00000E+00  0.00000E+00  0.00000E+00  0.00000E+00
  0.33444E-01  0.10718E+01  0.58341E-01  0.66614E-03  0.25119E-03  0.83644E-02  0.91734E-03  0.00000E+00  0.00000E+00  0.00000E+00  0.00000E+00  0.00000E+00  0.00000E+00
  0.33030E-01  0.10578E+01  0.56269E-01  0.65885E-03  0.24308E-03  0.83798E-02  0.90192E-03  0.00000E+00  0.00000E+00  0.00000E+00  0.00000E+00  0.00000E+00  0.00000E+00
  0.32612E-01  0.10437E+01  0.54224E-01  0.65139E-03  0.23483E-03  0.83955E-02  0.88623E-03  0.00000E+00  0.00000E+00  0.00000E+00  0.00000E+00  0.00000E+00  0.00000E+00
  0.32189E-01  0.10295E+01  0.52204E-01  0.64379E-03  0.22646E-03  0.84115E-02  0.87025E-03  0.00000E+00  0.00000E+00  0.00000E+00  0.00000E+00  0.00000E+00  0.00000E+00
  0.31761E-01  0.10151E+01  0.50212E-01  0.63602E-03  0.21795E-03  0.84278E-02  0.85397E-03  0.00000E+00  0.00000E+00  0.00000E+00  0.00000E+00  0.00000E+00  0.00000E+00
  0.31327E-01  0.10006E+01  0.48246E-01  0.62808E-03  0.20931E-03  0.84443E-02  0.83740E-03  0.00000E+00  0.00000E+00  0.00000E+00  0.00000E+00  0.00000E+00  0.00000E+00
  0.30888E-01  0.98591E+00  0.46307E-01  0.61997E-03  0.20053E-03  0.84612E-02  0.82051E-03  0.00000E+00  0.00000E+00  0.00000E+00  0.00000E+00  0.00000E+00  0.00000E+00
  0.30443E-01  0.97106E+00  0.44396E-01  0.61168E-03  0.19162E-03  0.84784E-02  0.80330E-03  0.00000E+00  0.00000E+00  0.00000E+00  0.00000E+00  0.00000E+00  0.00000E+00
  0.29993E-01  0.95604E+00  0.42512E-01  0.60320E-03  0.18256E-03  0.84960E-02  0.78576E-03  0.00000E+00  0.00000E+00  0.00000E+00  0.00000E+00  0.00000E+00  0.00000E+00
  0.29536E-01  0.94084E+00  0.40657E-01  0.59452E-03  0.17336E-03  0.85139E-02  0.76789E-03  0.00000E+00  0.00000E+00  0.00000E+00  0.00000E+00  0.00000E+00  0.00000E+00
  0.29072E-01  0.92546E+00  0.38831E-01  0.58564E-03  0.16403E-03  0.85321E-02  0.74967E-03  0.00000E+00  0.00000E+00  0.00000E+00  0.00000E+00  0.00000E+00  0.00000E+00
  0.28602E-01  0.90988E+00  0.37034E-01  0.57653E-03  0.15456E-03  0.85507E-02  0.73109E-03  0.00000E+00  0.00000E+00  0.00000E+00  0.00000E+00  0.00000E+00  0.00000E+00
  0.28125E-01  0.89410E+00  0.35266E-01  0.56720E-03  0.14495E-03  0.85696E-02  0.71215E-03  0.00000E+00  0.00000E+00  0.00000E+00  0.00000E+00  0.00000E+00  0.00000E+00
  0.27641E-01  0.87811E+00  0.33528E-01  0.55762E-03  0.13521E-03  0.85889E-02  0.69283E-03  0.00000E+00  0.00000E+00  0.00000E+00  0.00000E+00  0.00000E+00  0.00000E+00
  0.27149E-01  0.86190E+00  0.31821E-01  0.54779E-03  0.12535E-03  0.86086E-02  0.67314E-03  0.00000E+00  0.00000E+00  0.00000E+00  0.00000E+00  0.00000E+00  0.00000E+00
  0.26649E-01  0.84545E+00  0.30144E-01  0.53770E-03  0.11537E-03  0.86287E-02  0.65307E-03  0.00000E+00  0.00000E+00  0.00000E+00  0.00000E+00  0.00000E+00  0.00000E+00
  0.26140E-01  0.82875E+00  0.28499E-01  0.52732E-03  0.10529E-03  0.86491E-02  0.63260E-03  0.00000E+00  0.00000E+00  0.00000E+00  0.00000E+00  0.00000E+00  0.00000E+00
  0.25623E-01  0.81180E+00  0.26886E-01  0.51664E-03  0.95110E-04  0.86700E-02  0.61175E-03  0.00000E+00  0.00000E+00  0.00000E+00  0.00000E+00  0.00000E+00  0.00000E+00
  0.25096E-01  0.79458E+00  0.25306E-01  0.50564E-03  0.84870E-04  0.86912E-02  0.59051E-03  0.00000E+00  0.00000E+00  0.00000E+00  0.00000E+00  0.00000E+00  0.00000E+00
  0.24559E-01  0.77707E+00  0.23758E-01  0.49431E-03  0.74586E-04  0.87128E-02  0.56889E-03  0.00000E+00  0.00000E+00  0.00000E+00  0.00000E+00  0.00000E+00  0.00000E+00
  0.24013E-01  0.75926E+00  0.22245E-01  0.48261E-03  0.64307E-04  0.87348E-02  0.54691E-03  0.00000E+00  0.00000E+00  0.00000E+00  0.00000E+00  0.00000E+00  0.00000E+00
  0.23455E-01  0.74113E+00  0.20765E-01  0.47051E-03  0.54080E-04  0.87571E-02  0.52459E-03  0.00000E+00  0.00000E+00  0.00000E+00  0.00000E+00  0.00000E+00  0.00000E+00
  0.22886E-01  0.72266E+00  0.19321E-01  0.45799E-03  0.43988E-04  0.87798E-02  0.50198E-03  0.00000E+00  0.00000E+00  0.00000E+00  0.00000E+00  0.00000E+00  0.00000E+00
  0.22305E-01  0.70384E+00  0.17913E-01  0.44501E-03  0.34126E-04  0.88026E-02  0.47914E-03  0.00000E+00  0.00000E+00  0.00000E+00  0.00000E+00  0.00000E+00  0.00000E+00
  0.21712E-01  0.68466E+00  0.16541E-01  0.43152E-03  0.24653E-04  0.88256E-02  0.45617E-03  0.00000E+00  0.00000E+00  0.00000E+00  0.00000E+00  0.00000E+00  0.00000E+00
  0.21105E-01  0.66509E+00  0.15207E-01  0.41747E-03  0.15797E-04  0.88485E-02  0.43326E-03  0.00000E+00  0.00000E+00  0.00000E+00  0.00000E+00  0.00000E+00  0.00000E+00
  0.20485E-01  0.64514E+00  0.13911E-01  0.40276E-03  0.79475E-05  0.88710E-02  0.41070E-03  0.00000E+00  0.00000E+00  0.00000E+00  0.00000E+00  0.00000E+00  0.00000E+00
  0.19853E-01  0.62482E+00  0.12654E-01  0.38727E-03  0.18508E-05  0.88926E-02  0.38912E-03  0.00000E+00  0.00000E+00  0.00000E+00  0.00000E+00  0.00000E+00  0.00000E+00
  0.19215E-01  0.60434E+00  0.11436E-01  0.37059E-03  0.00000E+00  0.89111E-02  0.37059E-03  0.00000E+00  0.00000E+00  0.00000E+00  0.00000E+00  0.00000E+00  0.00000E+00
  0.18561E-01  0.58339E+00  0.10259E-01  0.35318E-03  0.00000E+00  0.89286E-02  0.35318E-03  0.00000E+00  0.00000E+00  0.00000E+00  0.00000E+00  0.00000E+00  0.00000E+00
  0.17882E-01  0.56172E+00  0.91232E-02  0.33527E-03  0.00000E+00  0.89465E-02  0.33527E-03  0.00000E+00  0.00000E+00  0.00000E+00  0.00000E+00  0.00000E+00  0.00000E+00
  0.17177E-01  0.53922E+00  0.80305E-02  0.31684E-03  0.00000E+00  0.89649E-02  0.31684E-03  0.00000E+00  0.00000E+00  0.00000E+00  0.00000E+00  0.00000E+00  0.00000E+00
  0.16440E-01  0.51576E+00  0.69828E-02  0.29782E-03  0.00000E+00  0.89839E-02  0.29782E-03  0.00000E+00  0.00000E+00  0.00000E+00  0.00000E+00  0.00000E+00  0.00000E+00
  0.15666E-01  0.49120E+00  0.59821E-02  0.27814E-03  0.00000E+00  0.90036E-02  0.27814E-03  0.00000E+00  0.00000E+00  0.00000E+00  0.00000E+00  0.00000E+00  0.00000E+00
  0.14850E-01  0.46530E+00  0.50309E-02  0.25769E-03  0.00000E+00  0.90240E-02  0.25769E-03  0.00000E+00  0.00000E+00  0.00000E+00  0.00000E+00  0.00000E+00  0.00000E+00
  0.13980E-01  0.43780E+00  0.41322E-02  0.23634E-03  0.00000E+00  0.90454E-02  0.23634E-03  0.00000E+00  0.00000E+00  0.00000E+00  0.00000E+00  0.00000E+00  0.00000E+00
  0.13045E-01  0.40826E+00  0.32896E-02  0.21391E-03  0.00000E+00  0.90678E-02  0.21391E-03  0.00000E+00  0.00000E+00  0.00000E+00  0.00000E+00  0.00000E+00  0.00000E+00
  0.12024E-01  0.37609E+00  0.25079E-02  0.19013E-03  0.00000E+00  0.90916E-02  0.19013E-03  0.00000E+00  0.00000E+00  0.00000E+00  0.00000E+00  0.00000E+00  0.00000E+00
  0.10885E-01  0.34025E+00  0.17933E-02  0.16454E-03  0.00000E+00  0.91172E-02  0.16454E-03  0.00000E+00  0.00000E+00  0.00000E+00  0.00000E+00  0.00000E+00  0.00000E+00
  0.95670E-02  0.29888E+00  0.11548E-02  0.13636E-03  0.00000E+00  0.91454E-02  0.13636E-03  0.00000E+00  0.00000E+00  0.00000E+00  0.00000E+00  0.00000E+00  0.00000E+00
  0.79331E-02  0.24769E+00  0.60721E-03  0.10379E-03  0.00000E+00  0.91780E-02  0.10379E-03  0.00000E+00  0.00000E+00  0.00000E+00  0.00000E+00  0.00000E+00  0.00000E+00
  0.54674E-02  0.17060E+00  0.18184E-03  0.60529E-04  0.00000E+00  0.92212E-02  0.60529E-04  0.00000E+00  0.00000E+00  0.00000E+00  0.00000E+00  0.00000E+00  0.00000E+00
  0.54834E-03  0.17082E-01  0.12491E-04  0.27814E-05  0.00000E+00  0.92790E-02  0.27814E-05  0.00000E+00  0.00000E+00  0.00000E+00  0.00000E+00  0.00000E+00  0.00000E+00
  0.16632E-04  0.51749E-03  0.20464E-06  0.00000E+00  0.00000E+00  0.92817E-02  0.00000E+00  0.00000E+00  0.00000E+00  0.00000E+00  0.00000E+00  0.00000E+00  0.00000E+00